Begin run
U Matrix output:
           [,1]        [,2]       [,3]
[1,] -0.4896545  0.66674783  0.5618593
[2,] -0.7915298 -0.06965831 -0.6071477
[3,] -0.3656763 -0.74202092  0.5618593
V Matrix output:
               [,1]         [,2]          [,3]
  [1,] -0.134189791 -0.048603367 -0.1117669375
  [2,] -0.142274637 -0.005007387  0.3084858158
  [3,] -0.136432651  0.039078750  0.0168933053
  [4,] -0.117235686  0.079339586 -0.0059006575
  [5,] -0.086562876  0.111834112  0.0171506920
  [6,] -0.047416688  0.133381535  0.0214639261
  [7,] -0.003629024  0.141872644 -0.0117906366
  [8,]  0.040513873  0.136476270 -0.0088292924
  [9,]  0.080690991  0.117720649  0.0051266068
 [10,]  0.112969512  0.087441709 -0.0314403087
 [11,]  0.134189791  0.048603367  0.0724813873
 [12,]  0.142274637  0.005007387  0.0081496092
 [13,]  0.136432651 -0.039078750 -0.0407483328
 [14,]  0.117235686 -0.079339586  0.0105154811
 [15,]  0.086562876 -0.111834112 -0.0172808436
 [16,]  0.047416688 -0.133381535 -0.0263390529
 [17,]  0.003629024 -0.141872644  0.0069155098
 [18,] -0.040513873 -0.136476270  0.0088292924
 [19,] -0.080690991 -0.117720649  0.0089781672
 [20,] -0.112969512 -0.087441709  0.0314403087
 [21,] -0.134189791 -0.048603367 -0.0106665583
 [22,] -0.142274637 -0.005007387 -0.1458840413
 [23,] -0.136432651  0.039078750  0.0147160450
 [24,] -0.117235686  0.079339586  0.0133395465
 [25,] -0.086562876  0.111834112  0.0126660200
 [26,] -0.047416688  0.133381535 -0.0021307982
 [27,] -0.003629024  0.141872644  0.0169395177
 [28,]  0.040513873  0.136476270 -0.0229340664
 [29,]  0.080690991  0.117720649 -0.0089781672
 [30,]  0.112969512  0.087441709 -0.0314403087
 [31,]  0.134189791  0.048603367 -0.0131884693
 [32,]  0.142274637  0.005007387  0.0032744825
 [33,]  0.136432651 -0.039078750 -0.0385710726
 [34,]  0.117235686 -0.079339586 -0.0194334549
 [35,]  0.086562876 -0.111834112 -0.0175411468
 [36,]  0.047416688 -0.133381535  0.0067456218
 [37,]  0.003629024 -0.141872644  0.0020403831
 [38,] -0.040513873 -0.136476270 -0.0009209611
 [39,] -0.080690991 -0.117720649  0.0089781672
 [40,] -0.112969512 -0.087441709 -0.0206242668
 [41,] -0.134189791 -0.048603367  0.0044794284
 [42,] -0.142274637 -0.005007387  0.0205805451
 [43,] -0.136432651  0.039078750  0.0244662986
 [44,] -0.117235686  0.079339586  0.0036246096
 [45,] -0.086562876  0.111834112 -0.3329715760
 [46,] -0.047416688  0.133381535 -0.0208503958
 [47,] -0.003629024  0.141872644 -0.0269366233
 [48,]  0.040513873  0.136476270  0.0009209611
 [49,]  0.080690991  0.117720649 -0.0133326876
 [50,]  0.112969512  0.087441709  0.0444792943
 [51,]  0.134189791  0.048603367 -0.0283344559
 [52,]  0.142274637  0.005007387 -0.0254556718
 [53,]  0.136432651 -0.039078750 -0.0109769658
 [54,]  0.117235686 -0.079339586 -0.0209125398
 [55,]  0.086562876 -0.111834112 -0.0277766899
 [56,]  0.047416688 -0.133381535  0.0159752690
 [57,]  0.003629024 -0.141872644 -0.0233764635
 [58,] -0.040513873 -0.136476270 -0.0009209611
 [59,] -0.080690991 -0.117720649  0.0133326876
 [60,] -0.112969512 -0.087441709  0.0552953363
 [61,] -0.134189791 -0.048603367  0.0077927361
 [62,] -0.142274637 -0.005007387  0.0254556718
 [63,] -0.136432651  0.039078750 -0.0031278082
 [64,] -0.117235686  0.079339586 -0.0003747728
 [65,] -0.086562876  0.111834112  0.0293738257
 [66,] -0.047416688  0.133381535  0.0198072723
 [67,] -0.003629024  0.141872644  0.0092716895
 [68,]  0.040513873  0.136476270 -0.0131838129
 [69,]  0.080690991  0.117720649 -0.0187284207
 [70,]  0.112969512  0.087441709  0.0206242668
 [71,]  0.134189791  0.048603367 -0.0077927361
 [72,]  0.142274637  0.005007387 -0.0493106994
 [73,]  0.136432651 -0.039078750 -0.0146212102
 [74,]  0.117235686 -0.079339586  0.0002446212
 [75,]  0.086562876 -0.111834112 -0.0175764635
 [76,]  0.047416688 -0.133381535  0.0181525292
 [77,]  0.003629024 -0.141872644  0.0410413973
 [78,] -0.040513873 -0.136476270 -0.0106712146
 [79,] -0.080690991 -0.117720649  0.0187284207
 [80,] -0.112969512 -0.087441709 -0.0206242668
 [81,] -0.134189791 -0.048603367  0.0142296819
 [82,] -0.142274637 -0.005007387  0.0188290563
 [83,] -0.136432651  0.039078750  0.0256023461
 [84,] -0.117235686  0.079339586 -0.0048594448
 [85,] -0.086562876  0.111834112  0.0186771943
 [86,] -0.047416688  0.133381535 -0.0132774025
 [87,] -0.003629024  0.141872644 -0.0238129852
 [88,]  0.040513873  0.136476270  0.0030033865
 [89,]  0.080690991  0.117720649 -0.0187284207
 [90,]  0.112969512  0.087441709  0.0206242668
 [91,]  0.134189791  0.048603367 -0.0001249079
 [92,]  0.142274637  0.005007387 -0.0211011514
 [93,]  0.136432651 -0.039078750 -0.0124439500
 [94,]  0.117235686 -0.079339586 -0.0426024078
 [95,]  0.086562876 -0.111834112 -0.0188073459
 [96,]  0.047416688 -0.133381535  0.0178922261
 [97,]  0.003629024 -0.141872644  0.4006182989
 [98,] -0.040513873 -0.136476270 -0.0030033865
 [99,] -0.080690991 -0.117720649 -0.7458633426
d output:
[1] 8.839180e+00 8.386537e+00 2.614917e-15
Atil output:
           [,1]      [,2]
[1,]  0.9480346 0.3265368
[2,] -0.2924652 0.9540784
Phi output:
[1] 0.9510565+0.309017i 0.9510565-0.309017i
Q output:
                       [,1]                   [,2]
[1,] 0.726306705+0.0000000i 0.726306705+0.0000000i
[2,] 0.006721454+0.6873379i 0.006721454-0.6873379i
Psi output:
                       [,1]                   [,2]
[1,] -0.47558756+0.3273375i -0.47558756-0.3273375i
[2,] -0.53240602-0.2233319i -0.53240602+0.2233319i
[3,] -0.09973285-0.5686710i -0.09973285+0.5686710i
x output:
                         [,1]                    [,2]                     [,3]
[1,]  0.6403167-8.326673e-17i 0.4886102-2.775558e-17i -0.1123223-5.551115e-17i
[2,]  0.1408183-5.551115e-17i 0.6004701-6.938894e-17i  0.5080525-8.326673e-17i
[3,] -0.4881479+2.775558e-17i 0.1602606-5.551115e-17i  0.6613262-2.775558e-17i
A matrix output:
                         [,1]                    [,2]                     [,3]
[1,]  0.6403167-8.326673e-17i 0.4886102-2.775558e-17i -0.1123223-5.551115e-17i
[2,]  0.1408183-5.551115e-17i 0.6004701-6.938894e-17i  0.5080525-8.326673e-17i
[3,] -0.4881479+2.775558e-17i 0.1602606-5.551115e-17i  0.6613262-2.775558e-17i
attr(,"class")
[1] "kdmd"   "matrix" "array" 
